3947
1564
741
5897
1125
1706
9160
7811
6632
5610
9124
3158
5540
6804
563
4745
7310
728
8619
713
2645
9701
4257
5407
6751
2209
1830
7319
6180
4910
9187
1935
48
7392
7558
335
1548
2425
5533
1865
2810
3765
5812
5770
2001
6500
3544
7600
9716
5461
6325
5196
5080
569
1885
7965
6567
5858
6546
9197
8798
6258
9824
6857
7925
5010
3214
5725
6708
6004
7646
3602
9508
2601
6978
3005
9781
9995
5861
6319
3284
3530
7461
6181
125
4419
4726
8149
7190
391
524
4318
3680
4958
3866
6564
4144
9087
7165
6060
161
8701
5222
2180
6714
9595
3831
1941
8771
8649
9889
9075
1333
9055
4884
4372
8913
8379
9911
666
1812
7096
6277
4055
2717
6068
8299
171
7338
6809
386
6992
9532
2401
7950
4882
2805
378
1587
8039
6226
8711
3615
8638
2625
4814
3723
6738
6543
355
2917
1270
6671
6594
5920
3669
1284
7416
7505
453
8154
4732
1044
5369
417
7562
4613
34
9048
4006
1131
5555
1406
5506
8171
9921
7245
6854
4818
251
6400
1156
8338
697
9000
6831
6252
114
7909
5409
9411
8594
8023
1177
1153
9138
5646
8893
4657
2096
5025
9956
9255
297
4402
2377
9412
6677
7283
494
9490
5167
3116
6452
8365
4102
3584
851
9243
890
41
6484
2293
5367
329
2494
2316
5517
377
5914
6436
3393
247
3622
1642
6333
9778
7436
6163
7824
3511
4178
9769
2289
2419
2095
1741
1211
269
565
7542
3975
9113
7545
2505
4632
1496
4049
8988
7705
4858
5519
665
1196
4201
8523
1336
6065
8461
1282
6096
362
8537
4888
4155
9085
5670
2740
8295
3398
8293
3403
3759
7101
8859
4224
1769
268
6327
8491
7038
5753
6000
3709
973
3908
9483
8562
8259
5590
994
2420
3038
1266
8688
4279
4376
8519
7924
3210
432
7425
7758
164
2769
2304
4304
4331
976
5034
9262
3764
7467
979
9636
8609
5779
1650
6469
9782
8136
3757
4289
9552
3358
2533
2474
937
7920
3948
7870
5396
5019
7454
7813
399
4188
6194
1001
2285
4344
6748
8930
2900
8732
9547
5669
3885
94
6052
6819
548
461
5089
7268
2935
1855
8438
4562
3830
2537
8618
216
1386
6544
67
843
7007
1165
3366
5898
2678
1078
3730
5721
7128
3150
6432
3253
8851
3781
2464
6891
642
8511
5147
359
5928
9003
2059
2713
3275
4040
5387
8791
4642
3218
9741
2212
8361
3906
9244
6509
5455
1876
6537
280
3650
6547
8567
2238
7987
6829
1348
822
9060
8843
849
9121
9387
2921
4468
3254
4097
3819
5758
3173
2627
9128
2963
7106
3355
5723
5005
8558
4021
751
8521
9853
1023
4225
3181
7450
2447
5109
5012
6129
2189
8061
458
5293
2957
5749
7786
4449
7138
3716
4011
1657
2786
370
9707
7595
2370
9362
2021
4100
9633
1347
1469
6097
9670
6108
5110
9043
5449
8582
1533
5374
6208
6294
9975
5704
5041
7175
1747
3147
6900
791
4034
6719
7535
487
4309
1999
4870
876
3762
9706
3542
4635
9503
7527
2158
7623
2953
7701
950
1912
4314
8854
7286
7513
8635
8476
1755
6843
4290
7515
3917
1235
7242
6690
5476
6893
5632
5262
1823
1173
691
1632
1537
8602
1073
4187
6078
9837
7636
5843
3193
5269
1522
151
230
5389
4761
3782
7225
5328
3356
477
8423
7202
44
9687
3456
572
595
742
5808
656
9726
1898
7028
1384
4593
8456
4606
8145
6794
5039
30
6741
1676
5523
6487
8557
3745
1732
1276
2517
4457
4994
4240
473
3710
8840
3748
1318
6858
3652
1903
5982
9674
4064
6310
2987
9437
7525
3318
3528
8378
4121
4162
5235
3288
9860
6337
7869
2591
4233
8974
1594
9154
9807
1189
1688
2319
7243
1996
7070
3958
990
5169
6013
1310
7899
1418
8888
2058
3623
8808
3538
5790
7900
4481
5425
1610
2811
1065
8668
3826
8229
5719
3814
9213
1057
1296
5866
6458
9816
9519
655
3032
1853
6965
7220
6024
202
2825
4486
2202
3011
4612
7251
7334
4983
594
4165
610
5695
4105
6877
3331
823
3614
4644
498
6792
993
891
9360
446
7098
1891
3674
6845
3608
523
113
9509
5728
6050
3379
5218
7353
1280
4891
3131
6803
8683
2023
6866
8787
8591
2166
1813
7223
4746
7887
8524
554
974
1527
5101
4116
8795
9510
1490
4758
3230
2613
6238
4443
1087
4681
3803
431
6715
4872
8132
546
6179
1856
9263
9542
8156
6127
3271
2435
2759
6116
3897
274
2798
8748
1205
7764
9345
8437
9506
6199
4336
2801
2424
6920
4697
2659
875
7063
7578
9910
9251
1220
3869
7592
8454
4390
4765
1967
7430
591
3256
5706
4186
5623
8829
6173
9961
7827
6685
9879
9351
5397
9822
789
1759
2105
8769
2975
3050
5816
277
1453
5099
7880
5825
3227
6949
7166
8157
5066
7343
1033
2254
7400
9431
9881
9141
3046
1911
4950
5095
5410
9523
5815
157
3889
1273
9315
9744
7428
4738
2520
1781
962
8534
2744
9843
8611
2460
7655
6779
5961
9029
2456
2332
2954
7980
6286
8503
3024
5484
9297
7770
7462
786
5474
2587
6203
8404
5778
9314
8010
3513
4247
6666
3370
8250
6125
1499
2543
5652
1883
9601
5451
1354
1032
6247
3031
4511
4109
8516
2858
7420
8493
3159
4563
7394
4792
7441
6014
256
5594
6256
371
8036
5024
8252
9845
6572
8287
1008
2093
5152
7309
2144
8848
1036
839
225
8044
2389
3244
1956
5756
8811
9811
2727
3374
380
8256
1025
6560
8987
8724
3438
7504
3251
5124
2608
6395
4358
3728
4692
6673
3436
2277
2516
6198
9543
7258
9272
8334
7866
8433
1246
5712
1972
6265
4763
4767
3003
6573
9022
4516
1740
923
5247
7549
8545
7134
2193
9814
7118
5765
6071
1207
6011
3813
1042
3174
4519
5321
8248
8996
7588
3035
3317
4518
9946
6164
4367
3291
5905
3072
761
9159
4190
3919
790
4381
1338
9041
3110
2256
2547
3641
496
4438
2441
5974
8486
8875
784
5657
2428
7624
8654
9967
354
8482
2160
5604
4725
6898
9984
1437
5549
4795
7466
1506
6499
4222
5835
8814
8767
8615
1438
8152
8138
2203
4948
5764
7579
8700
1299
5754
8260
9326
2022
4473
1557
4951
663
5440
5375
4510
4069
2459
4025
4394
6204
1331
5142
2551
3672
9183
2432
6732
7119
1858
860
4844
6642
1581
3326
7715
1589
4691
8750
833
7949
1619
8774
9831
1298
4348
9032
4701
513
9753
9295
7685
2061
5580
6467
7818
5362
3361
9430
5404
8462
9729
6832
7277
9779
8118
4660
6075
3633
8239
5178
5709
1877
8084
2290
5282
2229
4573
3444
4406
8033
7654
9856
5827
2257
9874
2882
3767
7252
708
260
6197
1249
220
3777
9669
6773
5074
8727
799
7581
7000
7693
7100
7835
9249
4690
8645
4213
5771
5241
4166
4157
8428
3237
5161
7531
5288
1508
1372
6655
1107
7205
3040
6148
8173
188
831
5985
7631
9074
4410
9623
2137
5170
669
4031
3805
9469
4276
4955
1339
2
6410
8951
2902
777
9808
1585
3164
3075
1376
7856
118
237
698
6145
2988
5784
7749
3187
9849
148
5131
8339
309
3263
2296
3141
3149
9898
7470
2536
3896
2518
6188
3488
6668
995
2179
388
8900
1269
9667
1618
3523
2511
4695
5406
2783
2341
9186
7805
4785
1022
1478
7312
9480
9225
9877
8304
6287
1391
2278
1860
7620
1821
1446
6640
2194
1360
103
7141
6095
5638
4620
5347
6047
1580
2088
7789
1656
9938
6363
4048
9764
9139
6588
9760
7580
1591
1720
8128
2381
4838
8969
5966
8405
5199
6162
8226
9426
4555
1213
1009
2048
214
8297
4464
1553
5773
9485
4830
9343
8321
1491
9974
5379
6335
3860
5314
8055
4084
7404
9540
2576
1286
5503
8194
9599
5291
4938
5713
3703
5059
4650
984
2561
5133
9677
9563
9751
4533
8024
198
2603
6680
8114
219
2997
6454
4537
7677
4670
3849
4659
8225
2813
1340
5922
5351
1635
1465
7445
9013
8895
6605
747
3955
3665
8672
8971
102
8873
1854
9001
5984
8412
9690
1289
9335
5060
9436
970
1629
1203
2112
5436
9388
6123
1313
4211
3961
2136
2849
2396
3624
7431
358
1092
3363
419
8551
9613
6531
6055
7045
3601
632
5310
8548
7149
9973
9607
2057
3992
9695
8202
4989
9568
7022
4501
4164
8176
9968
3424
9721
3461
5008
3493
1113
3815
4320
301
7683
5727
93
1631
5259
6358
6783
2747
3944
8172
5742
3197
5087
9235
4477
7539
9206
3396
7780
1555
5225
1762
5874
9927
9229
5320
4256
8812
3550
7184
1462
1412
1006
7065
2017
7333
7544
1215
9456
5284
5502
3769
4970
1485
832
3812
7084
4197
8853
1005
8125
1413
9708
4308
1937
4053
3630
1459
3590
3163
7073
2941
6321
5018
8985
4096
2468
1051
4141
7498
6995
8006
6491
9450
1775
7485
6966
1628
6727
882
4995
9647
8325
6578
2844
5057
578
7859
5620
2736
4724
7923
364
5918
943
3901
7864
2458
2041
8946
1567
5826
5880
1018
5718
5563
5817
2207
2572
1488
50
3300
975
8030
4044
812
7627
3172
585
3882
4295
8960
7020
8962
4495
5422
7111
9694
2557
9774
9715
3734
5548
5076
696
1595
6614
562
657
9015
31
3807
6700
5137
8097
2507
729
1848
2868
3985
6516
3694
7397
9962
9253
6838
8950
3829
7079
8409
9277
4775
8530
5996
3684
3880
5973
3460
6418
227
2918
5870
7556
1666
1144
4194
3515
2101
8655
7069
3903
3405
8617
1714
6021
1373
4139
7443
6017
2991
6624
3308
9018
2148
8108
1544
3364
2455
101
7206
8003
7502
8743
1404
806
6248
2411
5510
7050
4552
9475
731
7345
2084
8914
1691
6392
2120
3240
8040
1447
9461
1489
4551
6240
716
8099
6848
2749
808
4602
8525
1414
8926
9830
6674
2483
9890
8716
1907
5337
8442
8593
2685
6377
2776
6559
5739
5246
3670
7383
2164
3192
3875
9791
8130
2942
3949
9005
2698
8816
5890
3629
8490
5386
9965
1260
330
5292
1017
9346
8384
7307
2836
2559
7907
5252
1698
6063
4502
7639
7078
2181
5118
6126
5356
5542
6002
6104
1281
3632
913
8367
8923
2985
6713
533
9414
5848
5516
6946
246
8300
2899
6281
2185
681
587
9451
365
704
8104
530
757
8207
7275
672
3388
8549
4470
3930
7838
8209
2274
1056
7736
2584
8514
8007
2652
2797
3821
1301
7571
634
5243
4808
313
3817
9195
640
7231
3249
8623
2583
3649
6691
1990
7929
9809
339
6802
1816
1536
4711
424
2621
8305
1573
8734
4807
2394
3238
5158
5596
5279
5673
2820
4360
2634
10
9883
5078
4281
1991
6841
2317
527
5354
4707
6774
6380
6618
4448
4411
3166
4045
2009
2228
1778
9020
1162
5687
9271
5071
5029
6862
9657
6678
9464
1255
8499
9413
8828
4329
345
5630
9935
5703
1055
811
2187
9399
8153
9311
5685
1244
7599
7102
7347
6035
6338
3922
3178
1109
3330
6056
3310
76
5435
8009
1700
4837
8015
9182
9424
3354
9269
7025
8641
8480
7840
7638
8096
8052
6330
8467
8374
1757
8637
4719
4046
1658
2479
7660
5930
3429
2339
5446
7427
5789
4536
6195
263
295
1818
1938
772
5136
9908
6087
1214
1261
6824
2063
5036
1476
2586
3531
810
6171
4931
2812
6508
8606
668
7014
3498
7981
6217
1327
3420
8542
60
9051
6088
9440
7801
1228
3033
8257
9402
1639
9443
536
2135
7735
4285
8483
3258
4263
1105
9944
452
2754
3373
3314
501
1139
4946
7144
7391
2275
1953
715
2073
4070
2002
2247
6300
3962
9932
1668
6627
5338
5769
4662
2159
6781
7772
1892
1381
4039
9143
1382
2514
3165
8143
2433
4445
7865
8870
9233
5760
3290
8336
4847
2335
706
7087
958
6922
5090
3315
1393
7181
1237
9378
5999
7332
5521
5588
8763
9867
9569
2884
3296
8931
5916
5485
1679
3983
8967
1770
5527
5309
1083
1521
1370
7351
3682
3894
1500
6936
3482
1936
8909
4546
4126
1039
4012
6689
2510
5046
1914
8699
1053
601
635
3788
529
5955
1980
3741
2933
6562
1638
5571
8886
1831
5414
8644
6863
7356
3142
3435
5047
3401
3642
8580
2648
3007
7523
9234
4969
2397
8676
49
4512
4106
650
2027
4747
6324
2445
5166
4447
2231
6448
8481
5215
9093
1811
8884
5121
9823
1467
3103
7988
2554
1600
486
1303
885
2667
6842
8436
4833
25
9915
1817
7415
5416
5726
3153
6085
1388
3823
1789
5798
6266
107
52
5699
8158
2312
3063
3246
7606
6414
1319
3613
6589
1426
9486
3844
6133
8768
6241
7888
6383
495
2015
2387
9370
6518
82
352
2195
3198
7468
1423
2803
2323
8069
537
2307
1140
8189
155
5585
9212
6298
9643
1652
8273
1880
7449
4534
2429
3792
5883
5340
1824
7405
7264
4198
2328
2528
4315
5102
3397
7306
7532
375
6305
2350
6161
4312
8989
7662
895
9631
8799
3808
4713
5438
233
56
6916
3763
8373
9826
1166
5776
2392
9559
5157
3378
9696
8682
4530
617
3998
3771
1037
3851
5783
8752
1692
8633
1441
5144
6273
7355
4787
6274
4982
2430
5981
8115
1659
4196
5738
807
1480
3551
3077
3362
7984
6122
9474
1232
897
4741
267
3247
2663
4879
4223
2302
5570
2970
602
2729
7350
2151
5094
4357
7005
9151
5795
5159
7208
9650
6270
4152
9254
6918
5859
2877
8862
8784
189
8416
1231
4700
1378
6177
7763
9281
8632
8770
5390
4485
1531
679
5201
8604
6725
4404
5366
2499
9499
5907
1634
1090
5491
8286
7711
320
2069
2251
139
1074
8487
8869
9258
9112
2871
4889
1061
5715
558
7200
2750
5534
5515
460
6112
5948
6923
3332
5368
7836
2342
9275
7151
7641
4748
5624
7297
252
8546
6034
6039
9672
1455
7506
6220
3754
5184
9310
7933
3124
9147
249
3091
7708
9914
6924
1405
342
292
4341
5469
5085
2108
1365
6769
2932
3463
8238
5522
3970
9037
1872
7647
8518
1265
2637
8017
3057
5628
8533
7618
8089
2818
4004
4886
4917
8488
6950
2033
1351
8693
2361
5986
9375
4137
3061
2240
7481
2175
8961
7728
8277
3585
5554
4334
3171
5967
5845
861
5678
3299
2578
774
7052
8443
2978
2301
7777
4068
2426
4781
6513
6744
4117
2945
2647
3368
8997
9070
6740
7150
2345
7314
6911
3847
3625
7640
9798
1648
5693
2683
7029
826
1703
7681
6654
7311
7719
7940
6956
7393
3981
7568
846
6146
8707
356
172
5084
3390
2709
9788
3705
8458
1030
3428
7730
7176
2457
5950
3313
8925
4284
2566
2380
9761
9951
4022
2990
3931
4819
8885
9339
6964
9926
9161
8368
6293
288
714
6445
4391
6486
9427
8834
6947
4936
659
2232
1068
3879
8177
5593
5499
8469
9594
3964
8369
1575
3909
1394
6553
9777
6881
1552
3190
9329
7962
9148
4082
5185
6750
988
4491
7664
1104
1952
6981
9226
3594
9224
5256
9943
8284
5648
2020
1
8777
856
5994
8702
3801
8559
7109
5772
4156
9627
8842
2276
3504
6974
6340
1293
8850
369
5777
3067
3512
91
9556
403
5383
2406
8012
2792
4384
3455
2259
6607
2573
2679
1695
8002
5886
1731
5767
639
9111
8178
1359
2199
3554
1425
1250
8747
7946
6663
8048
6379
5223
8689
7642
7650
5625
8576
9313
5560
532
4875
3825
1753
2856
6552
7432
2728
2609
6941
5799
1295
4782
2260
5541
2854
5168
2215
4729
6202
4881
3055
6076
2579
3499
5700
4324
5895
3856
593
3659
6351
4988
6510
1819
5268
8219
8274
4122
6729
712
3871
6613
4962
2368
4646
72
5115
6210
9042
9675
3483
7975
8059
7537
2708
2245
3399
8281
3533
1599
5206
3562
8890
5162
9133
7235
7365
3
22
4002
6869
6354
6839
7116
7348
6478
331
3340
7361
9500
6254
5444
5176
7787
9862
3497
9684
1224
2128
8200
4720
1716
4979
768
6233
8581
8565
651
1495
4909
4798
8217
896
8578
4115
5020
8575
8497
3377
1461
8806
1689
9722
2062
6540
2453
4639
7077
478
5021
7902
4934
8554
5339
2785
8661
1120
8165
5842
3442
5871
484
9045
999
4203
6182
4260
6175
8665
4007
7043
4489
9173
834
5270
526
5013
4301
2539
1932
92
2731
1089
1026
7426
9570
7499
3698
9846
3186
6693
4710
5697
8356
6828
5385
4526
9663
4577
7707
3170
7219
3348
4379
9939
6099
3989
5467
4597
5576
3451
4849
1341
3824
4599
5489
116
9496
435
9767
3596
250
5531
6982
702
2407
9838
3365
3774
7947
7587
475
4229
8809
5941
5481
606
2248
9736
4959
8970
3039
5919
8838
9372
5731
3877
5896
3835
7446
6696
9332
6170
8348
4569
1132
132
6752
3536
2532
51
9265
3184
944
5730
3770
5300
504
8669
8891
9250
6098
9749
1993
6660
9573
1230
6665
1471
8813
7072
1328
5355
6284
6352
4171
9541
6311
7817
6257
4086
4751
8841
6012
4873
5717
4452
9517
3617
7434
8430
760
3228
4177
7713
9433
2242
6153
3804
4721
4600
1206
7886
7844
525
9896
7016
4210
7473
7380
347
9198
470
2775
8147
6555
2649
8660
6879
8846
9998
935
7908
1259
3036
9810
3524
1665
9062
2661
5792
7966
7335
7263
4676
8465
9501
6847
6576
9180
8587
2252
3627
7739
5787
6626
7958
5261
8766
7344
561
898
5486
7974
451
9400
1501
6909
6772
6119
753
4574
7816
6103
9194
2388
6930
5887
318
7551
5853
989
2223
4095
1306
7089
4991
1683
1147
4215
3302
5569
7442
7552
3122
552
7936
3881
9304
7203
736
6430
4896
2271
8585
5352
7340
9205
4469
2972
5427
9146
3323
6213
2806
3335
6542
2980
2391
2616
3720
8696
547
9169
6413
7324
3696
6999
5923
6617
9847
5617
6350
2950
5651
5421
723
9009
1011
7582
7126
2799
7217
8345
8978
1664
4968
8237
2943
8034
3925
2765
87
8943
9316
4167
1869
641
787
5202
5552
2519
6107
6550
9308
5904
8959
1239
8429
5399
8231
3516
8311
7612
6989
4714
6652
4671
7862
8650
7090
4588
564
9505
77
3266
8910
7779
9530
3756
2784
4654
9833
3239
5267
1121
5428
4789
1794
1385
3432
7999
881
2263
1738
2083
1202
9755
775
465
5244
7547
2961
6983
7959
2808
1879
5113
4585
6534
1868
6019
3942
7244
4966
5135
8463
178
2983
5539
9960
2614
1721
9344
2454
2881
2720
123
752
9917
4423
6801
9459
8709
7122
1889
8047
7483
6766
7274
7170
9191
6704
319
0
2106
8624
6227
2287
6747
5278
7740
1366
9521
670
7408
3080
6506
8906
9945
4855
4752
4583
9852
367
8620
9103
4862
4857
7721
1000
3657
3392
6353
5479
9511
7733
6347
4604
145
8144
4678
4922
516
9832
5720
2188
1905
4603
1842
734
1717
7692
5146
9685
7731
6124
3725
6167
7157
5822
9467
2423
3136
8761
6420
6597
6768
143
9434
152
6968
2834
1157
4560
3049
4243
5831
7009
559
6289
6422
1045
9799
8184
5433
5316
2865
3910
3567
3506
5108
901
939
7565
9528
9783
4494
7603
5026
4913
2334
9957
389
6434
8290
4771
8161
6775
1505
2508
6664
1899
4475
1114
7885
1897
9861
6260
9537
2294
1894
6061
4843
1763
4947
4230
8133
1734
8556
8686
8014
5584
4548
7540
596
4380
194
117
1944
9630
2967
4507
1451
7328
7619
9497
4777
1440
5661
8050
6812
1134
5603
4929
2264
254
7671
7478
2658
850
6706
918
4088
5478
7198
115
10000
1435
6026
3349
2964
271
9465
2866
3261
5363
421
196
5740
5203
4422
592
5748
8306
636
1035
8494
203
6249
7522
1646
3761
5837
6701
1086
2758
1969
9319
9199
8756
3579
7815
9934
4180
1509
349
2766
6496
180
3888
6081
1102
4041
8697
2085
9083
2707
4461
4699
6301
2577
3459
4899
6937
2013
9457
7575
7883
2213
9232
6641
1190
8221
8301
551
8037
6604
7995
8877
5155
8204
8249
1483
24
5611
9363
3202
963
20
7460
5229
4159
788
6952
7064
7402
9972
8613
6611
5473
7456
154
2589
7727
6717
7033
1728
7609
2894
7807
1534
2814
5348
6468
3731
5992
8902
395
514
3687
7637
2610
9350
393
144
411
2756
4400
7973
3651
1645
5876
9820
6406
3818
9439
5619
4582
6207
2916
2639
2336
3146
5418
8395
2153
6455
5665
2486
2233
5097
4307
6120
5755
8434
6332
4322
2469
3464
8103
2315
1997
7961
700
9216
4179
2753
6030
7422
5070
7628
8187
2044
2567
5990
2053
2261
7977
9261
5016
38
899
5989
7586
6316
549
4866
5702
1148
3000
1749
4944
2074
4051
2038
9976
5295
5058
9353
3235
1523
9276
9652
8396
664
7354
3104
4640
8351
1169
6250
2369
6902
4335
1613
7754
7774
1497
4228
8243
2331
8730
4880
7399
5801
3421
4558
3196
2047
5855
2150
2042
9132
9385
5645
7158
5921
3413
3960
4868
9950
6402
6658
8904
4717
6405
7670
4810
7895
3870
8427
5729
2903
5035
3647
7596
7160
3977
9222
8008
283
3334
6582
2444
8070
4033
42
4292
3621
1787
5658
4674
2643
3836
4780
7508
9622
6621
3587
2046
5272
8648
5082
3224
8435
1766
8932
8362
2327
2733
3904
5959
2531
5271
3714
9174
3690
6105
738
7140
9347
9632
8652
6378
3100
1529
7120
8473
5780
1607
4648
5844
8775
3320
584
2829
7661
6616
6651
3034
3097
6536
5629
3109
3990
2838
5649
6394
7370
6212
695
7254
168
4375
9538
2815
3095
4923
6835
7591
7881
1975
3779
2321
1052
8921
8335
997
8820
926
4832
1660
3953
3273
3939
2018
3570
2197
2495
9144
3571
9851
8028
9207
9815
4132
727
7884
7081
4985
912
6077
4153
6186
7226
4191
9215
4238
3950
503
9376
1704
2922
5762
8646
4636
4231
1263
6515
9617
2540
5675
8513
5656
8825
6886
4975
3477
721
7060
5002
813
4797
73
500
8186
3489
3155
5865
9562
2594
8855
5698
7255
215
2839
3508
7538
1959
1902
5183
9835
6942
3481
6760
1158
3902
81
5297
1680
7996
3884
5915
8082
2012
9065
1375
7753
2546
7285
4147
2870
7766
4435
426
6372
7972
654
1563
5173
6873
8418
305
7734
9612
1518
8278
6718
9167
5376
291
3721
5705
1983
5991
8983
7390
120
1804
229
8253
8322
9875
6639
6710
1906
16
8920
2442
6785
6412
57
4446
8509
9757
6906
467
9136
809
5634
3346
4543
9507
5579
5346
1234
9745
9296
2580
9004
589
782
8303
6279
3640
940
8981
7706
6438
749
6239
5038
6958
32
1979
2936
9598
6871
6998
5459
5934
6734
3692
9171
6684
5939
7308
3145
8376
212
1379
9202
1733
7403
7615
689
5081
9513
6887
147
8642
4665
1361
4760
3867
6318
1670
5431
4017
5160
5432
6805
8046
4853
8991
5493
4218
3790
2771
9775
5255
8193
7488
658
3337
170
466
7803
5228
6940
9011
5520
2065
2016
5809
5192
1611
2204
5546
7095
5258
509
8982
6574
5752
8972
6141
8601
8685
1143
7068
7594
9711
5180
7002
5960
2600
4472
134
6967
2052
5055
7210
3865
7357
4262
9821
3221
4806
195
5079
3976
8936
543
3441
5107
9658
376
7178
829
866
6082
3295
4043
1470
1175
7852
2006
7006
922
156
5977
9584
1550
2503
7751
1939
5888
5177
3956
4293
5766
9966
1193
6808
8896
6525
8749
5327
6954
374
2373
3375
3924
5053
9409
9462
1820
6972
3226
2626
3135
4421
2129
5480
3294
5190
61
3639
6253
5882
9240
1810
924
5684
4205
4655
8690
4252
8627
1443
2378
9549
1431
1411
3968
9230
2588
5210
8880
4802
5975
420
2910
7834
2974
7978
2962
9829
8722
5103
7746
7358
9406
7230
7574
4900
3085
2450
6855
3637
9825
8939
8457
7819
8341
205
6150
1834
1671
5785
4956
9307
2318
1137
6066
1547
1771
9067
4749
407
3784
7653
4791
9179
401
9651
2541
3886
4774
2490
3096
7942
5345
5559
217
6451
5187
6079
8670
685
4581
2170
6867
3216
1974
1955
6374
9320
6427
4914
4259
2681
2819
3982
1675
2704
4441
2624
2152
6606
6336
7760
590
9709
6137
1949
8956
7616
7843
3475
9466
8543
8477
8603
2751
1297
8333
1946
9127
6759
7598
4941
58
5114
6073
8803
5174
1583
9364
3600
9035
7339
6820
2886
422
4901
1822
7125
6556
5993
3123
8833
5188
1797
7904
1197
5221
4960
1216
9094
6435
6638
971
8190
5856
1928
7027
6147
9410
2670
4363
8106
6503
574
7776
3206
6623
7429
6479
4591
1577
6494
3162
6728
7497
6629
443
8714
4271
6375
1987
6411
7053
8363
4683
2448
8216
2738
5490
7398
8964
879
1421
6442
6959
1449
638
9719
8819
2694
5618
7094
2527
5294
6302
2291
6736
6015
8073
4616
9602
1802
8233
828
7554
9582
7700
6943
1798
1314
8975
9557
5048
5065
6593
3920
644
6299
6364
5565
2940
5333
8291
5862
3485
1662
3487
6031
7247
853
7124
2132
2937
96
1014
8754
3121
1103
1458
9285
3785
3941
5819
2632
3979
5592
8963
2141
3419
1981
2734
4925
9978
3013
5393
4074
847
6577
5879
5496
9290
8232
2686
9342
758
717
3470
9591
8501
5912
4973
5980
1677
3426
5655
5073
1079
5217
4145
8402
4877
8599
3501
5358
1968
2040
6206
6465
4728
3086
1908
4715
5847
8393
6868
4067
7018
2481
7550
1825
4242
4897
53
4529
2364
2722
4772
2138
7644
2029
9084
2923
8721
9129
6424
160
270
7476
2927
6110
2748
7066
3243
9223
7107
2879
6106
9792
4123
4904
3891
6322
3923
2268
1154
9109
6033
1242
6793
5640
8446
1627
6278
2353
6569
6
2843
65
7284
6138
8063
6291
5561
2200
5805
5668
2794
4625
1444
2703
5643
3724
1292
7039
3324
7148
7675
5149
3618
7584
6025
8116
9089
4759
1198
7559
2484
2434
14
9107
743
8220
7830
1765
2873
6389
9284
2310
6587
26
719
9460
398
5033
6815
7823
5637
366
6009
7019
4288
221
2282
626
914
5892
581
991
3446
7910
2992
6323
6635
8254
6777
185
8198
6143
9418
285
8451
1409
1080
6255
8109
8800
869
3248
6473
6849
571
1184
783
4273
2219
328
429
6192
6005
9455
7968
1315
3328
9748
7041
7304
3175
8508
4580
1097
1188
8822
325
8938
701
9906
6156
3084
11
5264
6526
7291
7114
8536
1322
3712
8315
7103
5736
4587
9046
1756
1609
5182
2354
3014
8663
521
1085
2227
3160
106
9986
1739
2436
5852
2908
1543
4737
8020
5023
7829
7630
9614
6938
5613
1541
8215
4316
5123
8471
7986
5902
9615
707
9447
3718
5209
9626
8090
7945
8687
5622
3681
3411
5471
1597
6905
6492
1948
1094
4401
5287
1895
6366
968
8698
8049
7790
9019
8942
9478
5003
8957
334
8391
9671
1325
6517
2269
6236
2959
8352
8357
3797
5105
4028
1915
1091
6371
2258
3874
2473
7167
2249
6187
8422
7259
676
286
4539
8318
4332
1401
1947
5175
2070
2338
4227
2399
9321
9818
3425
5737
7604
2007
2938
9288
9756
3578
3082
9021
8531
4611
3679
8342
8579
4131
541
1841
3689
6495
1416
8998
5574
6481
9893
6057
7611
9702
9648
6532
1174
3092
7091
4267
6016
7479
7563
2598
8656
1684
779
3301
8866
8802
6036
1565
2295
8355
3352
5708
1013
8323
769
3260
7015
7321
2163
5420
9585
122
8817
6554
1225
4434
2417
9989
615
5214
7042
2142
6429
1095
2431
302
688
906
1708
2585
874
6341
3417
6356
8564
7372
795
23
8703
7667
9892
224
6580
2560
583
2827
9200
8729
2367
3406
9668
4251
2633
3108
4689
2176
2418
2840
5371
1593
3179
1881
5277
2356
7330
3083
6735
8474
1693
5536
7472
3081
7366
7469
7680
3783
4168
7280
2930
8400
3209
7266
1647
5462
9488
4618
5796
7510
6222
9086
8953
6758
4042
2672
166
6921
5958
9373
1927
9442
8796
2131
7315
5091
6795
6155
2955
8111
9983
5088
7939
682
7048
8095
7738
6864
3972
4812
3541
6190
8241
7080
9058
1186
4444
4386
8307
9588
6391
4459
6988
2415
4076
5676
8990
2482
1568
1904
7113
360
512
3484
904
7951
6786
6312
7928
5482
3573
6903
6244
5849
4019
1004
8861
8485
5933
7931
4898
1484
409
3185
6130
9605
5143
7031
7741
4513
4478
837
6361
6488
9170
8288
9266
9819
5679
5445
7004
361
5457
1466
315
5793
8337
1702
3204
4181
3978
9452
135
6913
9280
4549
9408
5689
3500
2371
7352
146
3663
8560
1247
7546
340
1317
3125
8392
1801
9801
2952
7376
2383
3054
2861
5614
3736
9574
5125
965
6925
4442
8211
3691
9551
5881
4066
441
573
8935
7336
4107
8452
2313
2480
7934
8076
4545
3281
1358
4047
137
6806
4083
4269
6144
6948
643
7941
2666
79
7433
3076
3133
801
9661
9535
2695
3693
2421
490
6407
3932
6810
5947
5311
4496
763
3223
4254
919
4498
177
8332
1353
4440
9073
3529
3492
9864
6317
7809
18
5875
8425
6636
9637
9611
2192
6657
1182
6523
5129
9380
9221
2299
1433
8247
1584
9057
7967
6343
4436
4239
9398
3019
8163
3997
3115
3802
6342
2715
5791
3042
8631
9030
3021
544
8263
3509
7214
5525
5049
3634
5037
4903
4949
938
7492
3384
886
1040
9841
1504
9033
9727
1674
8705
4799
1758
6833
1530
7806
5458
619
2743
9988
6409
6997
4608
4319
8965
9377
7369
8420
6683
4030
755
333
4175
3293
2478
8865
6851
7086
9122
287
9888
4740
7955
1713
5468
353
5768
5803
1846
6023
2037
6757
2641
9420
5299
2993
3132
2390
7712
7377
3619
7503
8773
6447
5575
9916
4664
3385
6275
9287
4142
8934
8359
608
3546
9536
8440
1176
9444
9359
4734
4490
3341
2329
5911
9969
5405
9639
2864
6501
3257
3918
6313
1888
400
7156
2049
5249
3620
3495
9300
1179
9395
6008
9063
4876
2075
84
6246
6615
5487
8370
9776
4484
3695
555
6586
6874
2780
6702
6876
2365
5357
3056
3468
6987
7378
5324
5976
5627
954
6676
6490
8495
5044
3735
859
8292
1723
1622
6637
4060
845
7663
9080
8941
4680
7173
815
4349
4378
7012
6826
9880
7927
8382
5636
2054
7386
1837
3858
9366
8123
8098
662
539
7577
8344
5660
9476
3868
8858
4104
8695
2103
5956
8
1624
6135
6102
6986
7548
3064
4918
3655
1357
310
7180
2090
4716
3648
3744
1127
2309
1210
7201
3965
4189
4926
8174
9079
986
3380
4134
1615
7597
9227
3525
8183
7475
6512
7139
332
767
3635
8205
8662
3232
684
8389
2924
1503
5126
9248
2556
7464
8078
7800
1767
6850
9752
3833
6776
6762
4572
7791
9731
4624
9868
5711
2076
5691
8346
2550
5666
2852
3646
2092
3423
3203
1034
1117
1329
2348
6904
7534
603
4578
3553
2003
1477
5682
9472
1520
2665
4589
9800
7769
2465
8643
430
2821
1257
7926
2162
4310
9703
4278
7892
190
7570
6860
7608
448
7388
1448
316
9524
9780
7953
9546
5234
2155
568
6699
6193
8195
3973
6425
2079
6359
2762
1275
2746
3702
6852
9575
2467
4963
2355
7168
3662
2581
3250
9596
6018
6600
410
218
4356
1155
97
17
8358
2235
7572
8621
2529
625
3565
8302
2896
8296
3603
8847
1168
5332
2960
4282
5423
165
321
162
7270
7704
1389
5807
7691
2674
4465
3409
6733
191
2949
1227
4733
8510
6630
3112
505
1323
6054
9850
5130
7024
6914
1200
7382
3065
7648
5275
8917
830
9270
8372
740
5929
7625
1917
37
4429
8927
6661
3245
9110
5566
5744
8940
9991
613
2607
4647
5498
5759
5757
579
4483
9827
1279
9924
1122
6091
7017
6548
8282
5602
6817
8160
3612
9785
9130
2669
3480
138
7131
3686
7564
9102
1743
4976
140
7593
7293
1970
9333
3937
5972
6688
6901
209
3292
8607
8224
8640
7891
5466
5488
9014
4851
7530
3017
9990
5545
7185
3883
5030
4911
967
3430
889
6977
447
2832
5983
1067
111
1722
6128
2446
3010
397
7897
228
3678
1141
9678
1392
7914
4377
9204
1472
8535
4075
3113
1128
8622
4867
80
4996
1519
3611
7849
652
2946
7302
4029
9688
5839
1115
7097
3006
6320
4651
4081
167
8403
7381
9899
803
3936
517
9608
7395
7605
5509
2602
718
1050
3521
4437
1199
1362
5464
3675
8955
2210
1606
7294
7613
9242
1890
2094
8309
2606
9117
8298
4607
6973
192
9692
4091
4158
7747
8018
7011
5011
3169
5384
7658
2255
8625
9325
6634
1494
9077
6767
6787
5127
8776
9982
1116
1135
9382
3502
2582
8242
992
6142
8466
4766
609
9293
9237
112
6764
3599
3422
3607
7857
5954
2398
6297
9963
7182
6991
9403
8087
5949
323
9985
1851
7602
7541
5600
4980
7944
1943
4954
1718
2772
9391
8872
8240
6816
3270
7511
8831
1217
1236
142
9610
2913
4220
8478
2705
9592
3022
5312
7458
3796
1661
9762
8366
3749
8529
4520
4762
5505
5238
314
7008
649
2735
3078
693
9025
8169
7222
9723
553
5885
4365
2124
2570
6444
3469
9211
7123
6046
3740
9361
9635
9432
7061
3503
5304
947
4783
4214
2024
4649
3558
308
2485
8113
6285
6304
8898
7782
9175
3726
4471
2968
208
8744
9210
6134
282
4110
9305
8541
4790
7049
9724
9327
4505
7875
336
299
5940
2384
8100
8421
9714
2068
9936
109
6709
2250
5654
2246
2109
1605
5686
8608
8385
5266
1696
5846
936
6631
9979
9683
955
6115
7384
6610
825
4248
5707
2357
8088
6602
9619
597
1582
4063
3834
821
5978
483
8450
9415
4626
6223
5286
8124
5454
2867
6535
3491
6029
3280
4023
9644
7645
5164
1637
6953
3016
6092
4128
3418
8735
8789
9842
2789
6328
9589
6529
3532
8375
4143
9066
2831
1551
1396
3564
4371
6368
8876
9312
867
8726
835
6001
9126
3980
6975
972
2631
7257
4313
2497
9336
8679
1219
8882
7273
2855
3828
1994
1151
1380
907
1923
862
2741
1377
1965
9016
4463
6504
8821
7471
9673
8377
4146
4412
916
4821
534
6520
9494
5207
873
1920
1847
7566
932
7104
9931
4631
7901
4024
675
5761
2019
4351
1673
5437
7290
5927
949
7699
1218
6807
4338
3852
4609
4705
6388
5329
2512
9095
8839
9733
78
5909
4663
7071
1178
754
8464
8745
4753
9996
5938
2347
5664
645
9349
427
55
7516
4350
3700
3768
1344
1788
5045
5868
4565
1586
5823
8492
4467
5969
5906
7261
9052
7448
3002
7298
5957
4283
39
982
12
3018
6846
33
9247
4893
5963
455
1428
83
1678
8203
1419
7234
7896
9937
6821
3276
7360
9922
3391
9717
9419
86
6176
8004
1654
2032
7082
1111
7850
2030
3130
1059
7784
4346
7808
6910
2904
3106
5936
1324
3750
2569
2682
4026
9471
2243
2619
6459
3452
6443
1475
8137
7757
8500
8064
4682
2241
7583
9609
445
4750
2657
2764
7867
5714
4919
6431
9712
8506
5150
6753
6185
9905
4414
7858
2463
8120
8864
5971
3945
4008
4456
4460
8142
7155
1977
4306
1616
4643
1209
5315
4389
1672
6271
6698
2611
9704
492
4206
9396
3474
3591
6656
1773
3127
6837
1112
6043
9894
8994
692
2506
1737
428
8815
5690
3454
173
4343
4032
9039
1098
8837
2437
4829
7444
7894
4212
3152
629
3052
7218
852
2623
4696
9201
3383
6703
9871
858
5232
8135
1300
2427
8572
7387
630
8424
2011
1473
2113
9920
9859
2114
5573
6780
3114
3211
5233
677
1643
3316
7278
686
6158
8387
4027
382
2817
4672
6174
4890
1183
7649
8737
6620
1326
9330
8328
3283
2757
174
7161
920
1641
8086
4669
7058
1588
8684
9157
3062
204
8952
7001
6497
2026
4860
7272
2737
8677
2973
7233
1843
3561
5964
5572
4817
4627
2656
4299
2931
2360
8916
5257
4135
6675
515
5891
8605
4514
1828
7993
6045
8268
683
4366
2653
4735
8094
4570
5688
4718
1569
7169
9638
1954
201
2640
6592
6089
4942
4052
290
5307
6659
8072
4702
3267
5838
8596
4824
2828
1415
1498
7717
2400
3628
1048
4129
4150
7557
5589
2133
2781
5775
1222
6437
674
4668
5382
8929
6570
5412
631
3751
7839
8182
3986
5814
2763
8380
6915
953
66
4770
4136
4317
3319
4977
2126
6897
6483
7938
2004
8857
284
1290
2824
2349
8753
3580
9468
2123
8999
4756
7437
7349
6303
7783
64
3443
4101
2351
6944
2565
9902
6514
9682
3609
275
4619
7971
4730
599
7614
911
2802
2154
7074
414
6027
9192
5910
4508
5061
2719
1934
8340
5925
4090
4354
1971
7075
3951
9123
2690
326
7364
7451
9491
7626
3447
3233
6355
6899
9897
8261
133
1725
6040
5609
482
3878
3329
8634
9190
8954
3212
8539
2025
5601
8255
3028
6360
3453
778
2443
6814
4062
8751
3434
2892
6232
6083
4736
4547
1782
8762
8589
605
7501
6522
7288
2476
3412
8502
179
5804
6822
9495
5116
872
5319
9854
4079
3357
197
941
7652
7034
8844
4409
5000
9116
9980
9034
5642
3752
5558
3708
2014
3126
3699
4887
8692
5626
7013
9091
6649
1330
4364
2173
350
3180
433
236
9679
9959
8162
5820
3087
5878
7943
5746
4805
7413
8122
5350
902
9404
1101
5370
130
90
2395
4924
910
5551
2168
5500
1002
4093
7419
4854
242
2697
4204
6493
6268
4072
4291
8214
5674
1909
1398
1420
9384
6979
5851
9583
3004
9076
9518
870
8720
1194
1124
3683
2548
416
9770
2346
9125
2644
9616
5677
2236
7191
678
7957
673
9642
9790
8201
8908
694
5511
7342
3177
6245
6475
4098
4493
3102
3312
4874
8694
4522
5443
6878
4383
5236
457
4628
7632
9292
5607
153
3044
1649
1445
1951
5800
6051
1750
6726
9579
4244
8824
5860
8984
6519
223
2888
1930
3706
9765
2218
2086
3928
5398
3719
9566
5413
8330
7137
6908
4992
8552
857
3946
4679
8155
2535
5194
5285
948
1062
7177
9185
8764
518